100 100 1
9 1 3 1 1 1 1 1 1 3 1 1 1 1 1 1 1 1 1 1 1 3 3 1 1 3 1 1 3 3 3 1 1 3 1 1 1 1 3 1 1 1 1 1 3 1 1 1 1 1 3 3 1 1 3 1 3 3 3 3 1 1 1 1 1 3 5 9 1 3 1 1 1 1 1 1 3 1 1 1 1 1 1 1 1 1 1 1 1 1 1 1 1 7 9 1 1 1 5 13 
12 8 3 4 8 6 8 4 8 1 4 8 4 8 2 4 14 8 2 2 2 1 5 8 2 1 4 8 1 1 1 4 10 1 2 4 12 8 1 2 4 8 2 2 1 6 8 4 12 8 1 1 4 8 1 2 1 1 1 1 2 4 10 6 8 1 2 2 2 1 4 8 2 2 2 2 1 4 12 8 2 2 2 6 10 2 6 8 4 8 4 8 2 1 6 8 6 8 4 12 
12 8 1 4 8 1 4 8 4 8 4 8 6 8 5 8 1 2 1 1 1 4 8 2 3 2 4 8 4 8 4 8 1 2 5 8 2 6 8 3 4 8 1 5 8 1 4 8 6 8 4 8 2 6 8 1 2 4 10 2 1 2 1 1 4 8 1 1 1 2 6 8 3 1 1 1 2 4 10 2 3 3 1 1 3 1 1 4 12 8 2 2 5 8 1 2 1 2 2 4 
8 2 2 2 4 14 8 4 8 2 2 2 1 2 4 8 2 1 2 2 4 8 2 1 1 3 2 4 8 2 2 4 10 1 4 8 3 3 2 1 4 8 4 8 4 8 4 8 1 4 12 8 1 1 2 2 7 8 1 1 4 9 2 4 12 8 4 8 2 1 5 8 1 4 12 8 1 2 1 1 1 1 6 8 1 2 2 6 8 2 1 1 4 8 2 3 2 1 1 4 
8 1 1 1 2 1 4 8 4 9 1 1 4 11 4 8 3 2 1 1 4 8 1 4 10 1 1 4 8 1 1 2 1 2 4 8 1 1 5 10 2 2 2 2 4 8 4 8 2 6 8 4 8 2 1 1 1 4 8 2 2 2 1 4 8 4 8 2 1 2 4 8 2 2 4 8 2 3 2 2 4 8 1 4 8 1 1 1 2 5 8 4 8 4 9 1 3 6 8 4 
8 2 4 10 5 8 4 8 4 8 2 4 8 1 4 10 1 1 6 8 2 2 2 2 1 2 4 14 8 4 8 5 8 3 2 2 4 8 2 1 1 1 1 5 8 4 8 2 1 1 4 8 2 1 2 2 4 10 2 1 1 1 2 4 8 4 8 1 4 9 4 8 1 1 2 4 9 1 1 5 8 4 12 8 4 10 2 2 3 2 4 8 2 4 8 2 1 1 2 6 
8 5 8 1 2 4 8 2 2 4 9 6 8 6 8 1 4 8 1 2 1 1 3 1 2 1 2 1 6 8 2 4 8 1 1 7 8 2 1 2 4 12 8 2 2 2 2 1 2 4 8 2 1 2 1 3 2 1 1 4 8 2 1 4 8 4 12 8 2 4 8 2 4 8 1 4 8 2 2 4 8 4 8 2 2 1 3 1 1 5 8 4 9 2 2 1 4 8 1 5 
10 4 10 2 1 4 8 1 1 4 8 5 8 1 4 14 8 4 8 7 8 2 1 2 3 2 3 2 1 4 13 8 6 8 2 1 2 5 8 1 2 4 8 1 1 1 1 4 9 2 2 5 8 7 8 1 7 8 4 8 2 5 8 6 8 4 8 4 9 2 2 5 12 10 6 8 4 9 1 4 8 4 10 3 7 8 1 4 12 8 4 8 2 7 9 2 6 8 2 4 
13 8 1 7 8 2 4 12 8 4 8 4 10 2 2 1 4 10 2 1 4 9 4 9 1 1 1 1 4 10 6 8 1 4 13 8 3 4 8 2 1 4 12 8 4 8 2 4 8 1 5 8 2 1 4 8 1 4 10 2 1 4 8 1 4 12 8 6 8 1 1 4 8 1 1 2 4 12 8 2 4 8 1 1 1 4 10 2 4 8 4 10 1 1 2 1 1 2 1 4 
8 2 2 1 2 1 4 8 4 8 4 8 1 1 1 2 2 1 1 2 6 8 6 8 4 10 4 8 2 1 1 4 12 8 4 8 1 4 8 3 2 4 12 8 2 2 1 4 8 2 4 8 1 4 8 4 8 2 3 5 8 4 10 2 4 8 2 1 4 14 8 4 8 2 2 5 8 4 8 1 4 8 2 2 2 2 1 1 4 8 4 9 2 4 13 8 2 1 4 12 
8 3 1 4 13 8 4 8 4 12 8 2 4 8 2 1 1 4 8 1 1 2 5 8 2 1 4 8 1 4 8 4 8 4 8 2 2 4 8 3 3 2 4 8 1 1 4 12 8 1 4 12 8 4 8 4 8 3 7 8 4 8 1 1 4 8 5 8 2 1 2 4 8 3 3 6 8 4 8 4 10 2 1 1 1 1 6 8 2 6 8 2 1 2 2 4 9 4 8 4 
8 1 2 2 4 8 2 2 2 2 2 1 4 8 1 2 4 12 8 4 8 1 4 14 9 4 8 2 4 8 4 8 2 2 2 1 1 4 8 1 1 1 2 4 10 2 4 8 4 8 4 8 4 8 2 2 2 1 1 2 2 2 4 8 4 8 2 2 1 2 1 6 8 1 1 1 4 12 8 2 1 1 4 8 2 4 13 8 1 3 2 5 8 1 7 8 6 8 2 4 
12 8 3 1 2 2 1 1 1 1 7 8 4 10 2 5 8 2 4 8 2 4 8 1 4 12 8 1 2 4 8 2 1 3 1 4 12 8 2 2 4 10 1 2 1 1 4 8 4 8 4 8 4 8 1 1 1 2 4 9 1 3 2 2 4 8 1 1 2 5 8 1 4 12 8 4 10 4 12 9 4 8 4 8 1 4 8 2 2 1 1 4 8 2 1 4 9 2 1 4 
8 2 1 4 9 1 4 8 4 8 1 4 10 1 1 4 8 1 4 8 1 4 8 4 8 2 4 8 1 4 10 5 8 1 4 8 4 8 1 1 2 1 4 11 2 4 8 2 4 8 2 2 4 8 2 2 4 9 4 8 4 9 1 1 2 2 4 8 3 4 8 2 4 8 4 8 1 4 10 2 4 8 4 8 4 8 4 9 1 4 8 2 2 1 2 2 2 1 2 4 
8 1 4 8 4 8 4 8 2 2 2 2 3 4 8 6 8 6 8 4 8 2 2 4 12 13 8 4 8 2 1 2 4 8 2 4 12 8 4 8 5 8 2 1 3 2 2 1 6 8 1 1 4 8 1 1 4 8 2 2 4 8 4 8 1 1 4 8 3 4 8 1 2 2 2 6 8 2 1 1 2 4 8 2 4 8 4 10 2 4 8 1 1 2 3 5 9 2 1 4 
8 4 10 2 4 8 4 8 1 3 1 1 1 4 8 7 8 1 2 4 8 1 5 8 4 8 2 4 8 1 4 9 4 8 1 4 8 4 8 4 14 8 1 2 1 1 1 2 1 4 8 2 4 10 2 2 4 8 1 3 6 8 4 8 4 8 2 2 1 4 8 2 1 1 1 1 2 5 8 2 5 8 4 9 4 14 8 1 1 2 4 10 2 1 1 2 2 3 2 4 
12 8 1 5 8 4 8 2 2 1 4 8 4 8 2 1 6 10 5 8 4 12 8 6 8 2 5 8 4 8 4 12 8 6 8 4 8 4 12 8 1 4 8 1 6 8 2 7 8 4 10 1 2 1 1 1 4 8 2 1 1 4 12 8 4 8 1 5 8 2 2 1 4 8 4 8 1 2 2 5 8 4 8 2 2 1 4 8 2 1 4 9 1 4 8 1 1 1 1 4 
12 8 4 8 4 8 2 1 1 2 6 8 4 8 1 2 1 1 4 10 2 2 2 1 4 9 4 8 6 8 4 8 2 1 4 12 8 2 4 8 4 8 4 8 1 2 3 1 2 2 1 2 1 4 8 6 8 4 9 4 10 4 10 2 4 8 2 4 8 1 1 2 2 4 8 4 8 1 7 8 4 12 8 1 5 8 4 8 1 4 12 8 2 4 12 8 4 8 4 12 
12 8 2 2 2 2 1 2 2 1 1 2 2 4 8 1 4 8 2 1 1 1 1 4 10 2 2 2 1 4 8 2 5 8 4 12 8 1 6 8 2 4 8 2 4 9 5 8 1 1 4 9 2 4 8 1 2 4 14 8 1 2 1 1 4 8 1 4 8 2 2 1 1 4 10 4 12 8 1 2 4 10 4 8 4 10 4 8 4 8 2 4 9 6 8 2 4 12 8 4 
8 4 11 1 1 5 8 3 1 4 10 1 1 2 4 8 6 8 1 2 4 8 4 8 1 3 1 1 2 4 8 1 6 8 4 12 8 4 9 2 5 12 8 1 2 2 4 8 4 8 4 8 1 2 6 8 1 2 1 6 8 1 4 8 2 6 8 2 2 1 1 4 8 4 9 4 8 6 8 5 8 1 2 4 8 1 2 2 4 8 1 2 2 3 2 3 2 4 8 4 
8 2 1 2 4 8 4 13 8 2 1 2 4 9 4 8 1 4 8 1 2 2 2 4 8 1 2 2 3 4 14 8 1 2 4 12 8 2 2 3 4 12 8 2 1 1 4 12 8 4 10 2 4 11 1 4 8 3 2 1 4 12 8 2 1 1 4 9 1 2 4 8 2 6 8 4 8 1 4 12 8 2 3 4 8 2 1 5 12 8 2 1 1 1 1 1 5 8 4 12 
8 1 2 1 4 8 4 12 8 1 2 1 2 2 2 2 4 8 2 2 3 1 1 4 8 2 1 1 1 2 1 4 8 5 8 2 2 1 1 1 4 8 2 3 4 10 2 4 12 8 1 1 2 3 2 2 2 1 1 4 8 4 8 3 4 8 6 8 2 1 4 8 3 1 2 4 8 2 4 8 2 1 1 4 8 5 8 2 2 4 9 4 14 8 2 2 2 2 2 4 
8 4 11 4 8 2 6 8 6 8 1 2 1 1 1 1 4 8 1 1 1 4 12 10 2 1 4 8 4 9 4 12 8 4 8 1 1 2 4 12 8 4 11 3 2 1 1 2 4 8 2 2 1 1 1 1 5 8 2 4 8 2 2 1 4 8 5 8 1 4 8 2 3 2 1 2 4 13 8 2 1 4 10 2 2 2 2 1 3 4 12 8 1 2 1 3 1 1 1 4 
12 8 1 4 8 1 1 2 1 6 8 5 8 2 2 2 2 2 4 8 2 4 8 1 1 4 8 4 8 2 6 8 2 4 8 2 2 5 8 6 8 2 1 1 3 4 8 1 2 2 1 1 4 10 2 2 2 2 1 4 8 1 1 4 8 2 2 2 2 2 4 9 1 1 2 5 8 2 2 1 4 8 1 1 1 3 5 8 1 4 10 2 2 7 8 1 6 8 4 12 
8 2 2 2 4 8 2 1 2 1 4 12 8 1 1 1 1 1 4 8 1 4 8 4 8 4 8 2 2 1 1 4 13 8 2 1 1 4 10 1 2 1 4 8 1 4 8 2 3 1 2 6 8 1 1 1 1 1 4 8 4 8 2 4 10 1 3 1 1 1 4 8 4 8 1 6 8 1 3 4 12 8 2 4 8 1 4 8 4 8 1 1 3 1 4 10 1 4 8 4 
8 1 1 5 8 4 13 12 9 4 8 4 8 2 4 10 4 12 8 2 2 4 10 4 8 2 4 9 5 8 4 8 4 8 1 2 2 2 1 6 9 6 12 8 4 8 4 9 1 2 1 1 4 10 4 8 2 4 12 8 2 4 9 2 1 2 3 2 2 6 10 6 8 2 2 1 2 2 1 2 2 2 1 4 8 4 8 2 4 8 2 2 1 4 10 1 2 4 8 4 
12 8 2 2 2 2 6 8 4 8 4 8 2 1 2 1 2 2 2 3 3 2 1 2 2 1 4 8 6 8 4 8 4 8 6 9 1 3 2 1 2 1 2 2 6 8 4 8 2 1 2 4 8 1 4 8 3 4 8 4 9 6 8 3 2 1 1 1 1 1 1 5 8 1 1 4 9 5 8 3 1 1 2 2 2 2 2 3 2 2 1 1 2 4 9 4 13 8 4 12 
8 4 9 1 1 5 9 2 2 4 8 4 9 2 5 8 1 1 1 1 1 1 2 1 1 4 8 2 1 4 8 4 12 8 1 4 8 1 5 8 1 2 1 1 1 2 4 8 1 2 7 8 2 4 8 4 11 2 2 4 8 5 8 1 1 2 4 8 2 4 12 8 2 2 4 8 2 4 8 1 2 2 1 1 1 1 1 1 3 3 4 8 3 4 10 4 8 4 8 4 
12 8 4 12 8 2 2 1 1 4 8 4 8 1 4 8 6 8 4 8 2 4 11 2 2 2 2 3 4 8 4 12 8 2 2 4 10 4 10 4 8 5 8 2 4 9 4 12 8 1 1 2 1 6 8 2 1 1 1 2 4 12 8 4 8 5 12 8 3 2 6 10 1 1 2 2 1 2 2 2 1 5 8 2 2 4 8 2 1 1 2 2 1 2 1 4 8 4 8 4 
14 8 4 10 2 1 5 8 2 2 4 12 8 2 2 2 1 2 4 10 1 2 1 1 1 1 1 1 2 4 8 4 8 1 1 2 1 2 1 4 8 4 8 1 2 2 2 4 8 4 8 1 2 1 2 1 4 8 4 9 2 6 8 2 2 2 4 8 1 1 1 1 6 8 1 1 2 1 1 3 4 8 2 1 1 6 8 1 4 8 3 1 4 9 4 8 4 10 4 12 
9 4 8 1 1 2 2 4 9 1 2 2 2 1 1 1 2 7 8 1 4 9 4 8 4 8 6 8 3 2 4 8 2 4 8 1 2 1 2 2 6 8 2 2 3 1 3 2 2 4 12 8 5 8 5 8 4 8 4 8 1 1 2 1 3 5 8 4 8 4 8 2 1 4 10 2 1 2 2 1 2 2 1 4 8 1 4 12 12 8 1 4 8 2 2 4 8 5 8 4 
12 8 2 4 8 1 1 2 2 4 9 1 1 4 8 2 3 1 4 8 2 2 2 4 8 2 1 2 1 5 8 2 1 2 4 8 1 4 11 1 1 4 9 1 1 2 1 1 1 2 4 8 4 10 2 4 8 4 12 8 2 2 5 8 1 4 8 4 14 8 2 7 8 2 1 3 6 11 1 2 1 5 8 2 2 4 8 4 8 4 8 4 8 1 1 4 8 2 2 4 
8 4 9 4 8 4 8 1 1 4 8 2 2 2 4 9 1 4 12 8 1 1 1 2 2 5 8 5 8 4 8 1 4 11 2 2 2 2 1 4 8 4 8 4 8 1 4 8 2 1 4 8 2 1 5 8 4 8 2 4 9 1 4 12 8 2 2 4 13 8 1 1 4 13 8 1 1 1 4 9 2 4 8 1 1 4 8 2 4 12 8 2 2 2 4 8 2 1 1 4 
8 6 8 6 10 4 10 2 2 4 8 1 1 1 2 2 2 2 4 12 10 2 2 1 1 4 8 2 2 2 2 4 8 1 1 1 5 9 4 8 4 8 4 8 4 10 2 2 3 2 4 8 3 2 6 8 2 2 7 8 2 6 8 4 8 3 3 2 4 12 12 8 4 8 2 4 8 2 6 8 5 8 4 8 4 8 2 3 4 8 2 1 1 3 2 2 1 4 8 4 
8 1 2 1 1 2 1 1 1 2 2 2 2 2 1 3 3 1 4 8 1 1 1 4 12 8 2 1 1 1 3 4 8 4 8 4 10 4 12 8 2 4 8 4 8 1 1 1 1 5 8 4 9 1 1 4 9 1 1 4 9 5 8 4 8 1 1 1 4 12 8 2 2 2 1 4 8 1 1 4 8 4 12 8 2 2 1 1 2 4 9 2 2 1 1 1 4 8 4 12 
8 2 1 2 4 9 2 4 8 1 1 3 3 1 2 1 1 4 14 8 4 8 4 8 4 8 1 2 4 10 1 2 2 2 6 8 1 4 14 8 5 8 4 10 2 4 12 8 2 6 8 4 12 8 4 10 6 10 2 2 2 2 4 12 8 4 12 8 2 6 8 1 1 1 4 14 8 2 4 8 2 2 4 8 1 1 4 8 1 4 10 1 1 4 8 4 8 4 8 4 
8 5 8 1 4 8 3 2 6 8 2 1 5 8 1 4 8 2 7 8 4 8 4 8 4 14 8 1 4 9 2 1 1 1 1 4 8 2 1 4 12 12 8 1 5 8 2 2 1 1 4 8 2 2 2 1 1 1 1 1 1 5 8 4 10 2 4 8 1 1 4 8 2 2 2 1 2 1 4 8 1 1 2 4 8 4 8 4 12 8 1 2 2 4 8 4 8 2 2 4 
8 6 8 4 10 2 1 1 1 4 13 8 4 10 4 8 4 9 1 4 10 2 4 8 2 1 4 8 4 8 1 6 8 2 2 6 8 1 2 4 8 4 8 2 4 10 1 1 4 8 4 8 1 1 1 2 4 8 4 14 8 4 12 8 1 1 4 8 4 8 4 8 1 1 5 8 7 8 2 2 4 8 1 4 10 4 8 4 8 4 8 1 5 8 2 4 8 1 1 4 
8 1 2 4 9 5 8 2 2 2 2 2 4 9 6 8 6 8 4 10 1 1 2 2 5 8 4 8 2 2 2 1 2 1 3 1 2 2 1 2 2 4 8 1 2 1 2 4 8 2 4 8 6 8 2 1 2 4 8 1 4 8 2 4 12 8 4 8 2 4 8 4 8 4 12 8 1 2 3 1 2 2 4 8 1 4 8 2 4 8 2 2 4 8 3 2 4 8 4 12 
12 8 7 8 4 10 2 3 1 1 1 5 8 2 1 2 1 4 8 1 4 8 1 1 4 8 4 8 1 1 5 8 1 2 1 4 9 1 2 1 1 2 2 2 1 2 1 2 2 1 4 8 1 4 13 8 1 2 4 10 4 8 1 2 2 4 12 8 1 4 8 2 2 6 8 4 10 1 5 8 1 1 4 8 2 4 10 1 4 10 3 1 2 2 1 1 2 2 2 4 
12 8 1 4 8 1 1 1 2 2 4 8 2 1 2 5 8 4 12 8 2 4 8 2 4 8 2 4 8 2 4 8 2 7 8 2 4 8 5 8 2 1 1 7 8 1 2 1 1 6 8 2 6 8 4 10 2 1 2 1 4 12 8 1 1 2 2 4 8 2 2 1 1 1 6 8 5 8 2 4 12 8 4 8 1 2 1 4 8 1 1 2 1 1 2 2 1 5 9 4 
8 4 12 8 4 12 8 4 13 13 8 2 7 8 1 2 6 8 4 8 1 2 4 9 4 8 1 6 8 1 4 8 1 1 2 1 4 12 8 2 3 2 2 1 4 8 5 8 2 1 4 9 1 2 2 1 5 8 3 4 8 4 8 2 4 11 1 4 8 1 1 4 8 2 1 4 8 4 13 8 4 8 2 4 8 1 2 2 4 8 2 3 4 10 1 3 2 4 8 4 
8 4 8 2 2 2 4 8 2 2 2 1 1 4 8 1 1 4 8 2 2 1 4 8 4 14 8 1 4 8 4 12 8 2 1 2 2 2 4 9 1 1 1 4 8 2 2 2 1 6 10 4 12 9 3 2 4 8 1 2 6 10 2 3 2 1 4 8 4 8 4 12 8 5 8 2 4 12 8 2 2 2 3 4 10 2 1 1 2 4 9 1 2 1 2 1 1 2 2 4 
8 4 8 1 1 1 4 8 1 1 1 2 4 8 2 4 8 2 2 1 3 6 8 2 2 1 4 8 4 8 2 4 8 5 8 3 1 1 6 8 2 4 8 4 8 1 1 5 8 1 1 2 6 8 1 3 2 2 2 3 1 1 1 1 1 2 4 8 2 2 4 8 4 8 2 1 4 12 8 1 1 1 1 2 1 1 4 10 1 4 8 2 5 8 5 8 4 9 1 4 
8 4 8 4 8 4 8 4 8 4 8 1 4 8 1 4 8 1 5 8 1 1 2 1 1 2 2 4 10 4 9 4 8 4 8 1 6 8 1 4 9 4 8 4 8 2 2 4 8 2 2 1 1 2 2 1 1 1 1 1 4 8 2 2 2 1 4 8 1 1 4 8 4 8 1 4 8 6 8 2 2 2 2 1 4 8 2 1 4 12 8 3 4 8 4 8 2 4 8 4 
12 8 4 8 4 8 4 8 6 8 4 8 4 12 8 4 8 4 8 4 8 2 1 4 8 3 5 8 1 4 8 2 2 4 8 2 1 2 4 8 4 8 2 4 8 1 5 8 2 1 5 8 2 1 1 6 8 4 8 4 8 4 9 1 7 8 4 8 2 4 8 4 8 2 2 4 8 1 2 3 1 1 3 2 4 8 1 4 8 4 10 1 4 8 4 8 5 8 4 12 
8 2 2 2 2 4 8 2 1 2 6 8 4 8 6 8 2 2 4 8 4 9 2 4 8 1 2 4 8 4 8 1 1 4 8 5 8 1 4 8 4 8 1 4 12 8 2 2 1 6 8 2 1 2 2 1 4 8 2 4 8 2 4 8 1 4 8 2 1 4 8 4 8 1 1 4 12 8 1 1 4 8 1 3 2 2 2 2 2 2 1 4 8 2 4 8 2 2 4 12 
8 3 1 1 1 2 2 1 2 1 1 2 4 8 5 8 1 1 2 4 8 2 5 8 4 8 1 2 6 12 8 2 4 8 2 2 6 8 2 4 10 2 4 8 6 8 1 3 2 1 2 1 2 1 1 4 8 2 1 2 4 9 2 2 4 10 2 1 6 8 4 8 4 8 2 2 4 8 4 8 2 4 8 1 1 3 3 1 1 1 4 8 4 9 4 8 1 5 8 4 
8 7 8 2 2 1 1 2 1 4 8 1 2 2 2 4 10 4 9 6 8 1 4 8 2 4 8 1 1 4 8 1 4 8 1 1 1 2 1 2 1 1 4 10 1 6 8 1 3 2 5 8 5 8 2 4 8 1 2 1 4 8 1 5 8 1 1 2 1 4 12 8 4 8 3 1 4 8 4 8 1 4 12 8 2 1 1 2 2 2 4 8 4 14 8 4 12 8 2 4 
8 5 8 3 1 4 10 1 4 12 8 4 9 1 1 2 1 4 8 1 4 12 8 2 3 4 8 4 8 4 8 2 2 4 12 8 4 9 4 9 4 12 8 1 2 1 4 8 1 5 8 4 8 2 1 4 8 4 9 4 8 2 4 8 2 4 8 1 2 4 8 4 8 2 3 2 6 8 4 8 4 8 4 8 3 4 8 1 1 5 8 4 8 1 4 8 4 8 1 4 
8 4 8 1 4 8 1 4 8 4 8 6 8 4 8 1 2 4 10 4 12 8 2 3 1 2 2 2 4 12 8 1 1 4 12 8 2 4 8 2 2 6 8 2 1 2 4 10 4 8 6 8 2 1 2 2 4 8 2 4 10 3 4 8 1 4 12 8 1 4 8 2 2 1 1 1 3 2 2 4 8 2 6 8 1 2 4 10 4 12 12 8 4 8 4 10 4 8 6 12 
8 4 12 8 4 10 2 2 4 8 2 1 4 8 4 8 1 2 1 4 8 2 1 5 8 1 1 7 8 4 8 2 2 4 8 4 13 8 2 1 3 1 2 5 8 1 2 1 4 8 1 2 5 8 1 1 4 8 1 2 1 1 4 8 2 4 8 6 8 2 2 1 1 2 6 8 1 1 3 4 8 1 1 6 8 1 2 7 8 4 12 8 2 4 8 1 4 8 1 4 
8 2 2 4 8 1 1 1 6 8 1 2 4 8 6 8 2 1 4 10 2 1 4 8 2 4 8 1 2 4 8 1 1 4 14 8 4 8 1 2 1 4 9 2 4 8 1 4 8 4 8 1 4 10 4 8 4 12 8 1 2 4 12 8 1 4 8 1 2 3 3 2 2 1 1 2 4 10 1 2 2 4 8 7 12 8 1 1 2 2 4 8 1 4 8 4 12 8 2 4 
8 1 3 2 2 4 8 2 1 4 8 1 6 8 1 4 11 2 2 1 1 4 14 8 1 2 2 2 5 8 4 12 12 8 1 6 12 8 2 1 2 4 8 1 2 4 8 2 4 12 8 4 8 1 4 10 4 12 8 2 1 4 8 2 2 4 8 2 1 1 1 3 1 4 8 5 8 1 2 1 3 4 12 9 2 4 12 8 1 1 4 8 4 8 4 8 6 8 1 4 
8 2 1 1 5 8 4 9 4 8 2 2 1 2 6 10 1 1 3 2 2 2 1 2 2 1 1 1 2 4 8 2 4 12 8 1 4 8 5 8 3 4 8 2 3 4 12 9 2 4 12 8 4 8 2 1 4 8 2 7 8 4 8 1 1 4 8 5 8 4 8 1 4 10 6 8 2 2 1 2 1 4 8 2 3 6 8 4 8 2 2 2 2 4 8 2 1 4 8 4 
8 1 2 4 8 4 8 4 8 2 1 5 8 1 1 1 2 2 1 1 3 3 2 1 3 2 2 2 1 4 8 3 2 2 6 8 4 8 4 8 1 6 8 1 1 4 12 8 1 4 8 2 4 8 3 2 2 2 1 1 2 2 4 8 6 8 4 8 4 8 4 14 8 1 1 2 7 13 8 1 2 6 8 1 1 1 2 2 2 1 1 1 1 4 8 1 4 8 2 4 
8 4 9 2 2 4 8 2 4 9 4 12 8 4 8 2 1 1 4 8 1 1 1 2 5 9 1 1 4 12 8 3 1 1 1 4 10 2 4 12 8 1 4 8 4 10 2 4 10 6 8 5 8 2 1 3 3 3 4 8 1 1 4 8 5 8 2 2 4 12 8 1 2 4 10 1 1 2 4 8 3 5 8 4 10 4 9 1 1 4 8 2 2 2 2 4 8 2 1 4 
8 4 8 1 1 4 8 1 6 8 2 2 2 4 8 1 4 8 4 8 6 8 2 5 8 2 4 8 2 4 8 5 8 2 6 8 3 1 2 6 8 2 4 8 4 9 1 4 9 1 4 14 8 1 2 1 1 1 4 10 2 2 2 4 8 2 3 1 2 2 4 8 3 2 1 2 2 1 6 8 1 4 8 2 1 4 14 8 4 12 8 3 3 1 1 4 8 1 2 4 
8 4 8 6 8 4 12 8 1 2 1 1 1 4 8 2 6 8 6 8 1 4 9 4 8 1 4 8 1 6 8 4 8 1 1 2 5 8 1 1 2 1 2 4 8 4 8 4 12 10 2 1 2 2 1 4 10 2 2 1 1 1 5 8 2 1 1 2 3 1 4 8 1 1 4 9 1 2 1 2 4 8 2 1 4 8 5 8 4 8 2 1 1 6 8 4 8 2 1 4 
8 4 10 1 4 8 2 4 8 3 4 12 8 4 8 1 1 2 1 4 8 2 6 8 4 10 2 4 8 1 2 2 2 2 2 1 2 4 8 4 9 2 1 4 8 4 8 4 8 1 1 2 3 1 4 8 1 1 1 4 8 2 4 10 1 4 8 1 1 2 2 6 8 6 8 4 10 1 2 1 4 10 5 8 2 2 4 8 2 2 3 4 8 5 8 4 8 1 4 12 
12 8 1 2 6 8 1 6 8 1 2 6 12 8 2 2 4 9 4 10 2 3 5 14 8 1 1 2 4 8 1 1 1 1 1 2 5 12 8 4 8 1 2 4 8 2 4 8 2 4 8 1 1 4 8 4 10 4 8 4 10 5 8 1 2 4 8 2 4 9 1 1 2 1 4 8 1 4 9 4 10 1 4 8 3 1 2 6 11 3 1 4 8 4 8 4 8 4 8 4 
8 4 8 1 1 2 2 1 2 2 1 1 6 8 3 5 8 4 8 1 1 1 2 1 2 4 8 1 4 12 8 4 10 2 4 13 12 8 2 6 8 4 9 6 8 1 4 8 1 2 2 4 8 4 8 2 1 4 8 4 11 2 2 2 3 2 4 9 4 8 2 2 7 8 4 8 4 8 2 2 1 6 8 2 1 2 1 1 1 1 2 4 8 4 8 4 8 4 8 4 
8 4 8 6 8 1 7 10 1 1 2 2 1 2 1 4 10 2 4 8 2 4 9 6 9 2 4 8 2 2 6 8 1 3 2 4 10 2 1 1 4 12 8 1 4 8 2 4 8 3 1 4 10 6 8 1 2 4 8 2 1 1 1 1 1 3 2 4 8 2 3 1 1 4 8 2 4 8 1 1 2 1 4 13 8 1 2 2 4 10 1 6 8 4 8 2 2 4 8 4 
12 8 2 1 2 2 1 3 4 8 1 1 4 13 8 2 1 1 4 8 5 8 2 1 2 1 4 8 1 1 3 2 2 1 1 4 9 1 4 10 4 8 4 8 4 8 1 2 2 1 4 8 1 1 2 2 1 2 2 5 12 8 2 4 8 1 1 2 2 1 7 8 4 8 2 3 4 8 4 8 1 4 10 2 2 2 3 1 2 1 2 5 8 4 8 1 1 4 8 4 
8 4 13 8 1 1 2 1 4 12 8 4 8 4 8 1 4 8 2 4 12 8 3 4 13 8 4 8 4 8 1 1 1 2 4 8 2 6 8 1 2 4 8 2 2 4 8 1 1 2 2 6 10 2 1 1 4 9 5 8 2 2 7 8 4 12 8 1 1 4 13 8 6 8 1 1 2 4 8 4 12 10 1 1 7 11 1 2 5 8 1 2 2 4 14 8 4 8 2 4 
8 2 4 8 4 8 1 4 8 4 14 8 4 12 8 4 8 2 1 4 8 2 1 4 8 4 8 4 8 4 12 8 2 1 6 10 1 1 2 2 1 4 8 1 5 8 4 8 2 1 1 1 1 3 4 8 4 10 2 2 1 1 1 4 12 8 2 4 8 2 6 8 1 2 2 2 3 4 10 4 8 1 4 10 1 5 8 1 2 4 8 1 5 8 1 2 2 2 1 4 
8 1 2 4 8 4 8 2 2 2 1 4 8 4 8 4 8 1 2 2 2 3 2 2 2 2 4 10 4 8 4 8 1 2 1 1 4 8 1 1 6 8 4 10 2 2 4 8 5 8 4 12 8 1 4 8 2 1 1 1 4 12 8 4 8 2 1 4 8 3 1 4 8 1 1 1 5 8 1 4 8 4 10 3 6 12 8 2 7 8 2 6 8 4 8 1 1 1 2 4 
12 8 3 4 8 2 4 9 1 3 4 12 8 4 8 4 8 4 11 1 1 1 1 1 1 1 2 5 8 4 12 8 6 9 6 8 4 8 4 8 1 4 8 1 7 9 4 8 2 4 12 8 4 8 2 4 11 4 14 8 2 6 8 4 8 1 2 4 8 1 4 8 4 10 4 8 2 2 2 2 2 2 1 1 1 6 8 1 1 2 1 1 4 12 8 2 6 8 1 4 
8 2 1 4 8 1 2 4 8 1 4 8 2 2 2 4 8 2 1 4 8 4 12 8 4 8 1 2 4 8 2 2 5 8 1 4 12 8 4 14 8 2 6 8 1 2 4 8 1 4 8 4 8 2 1 2 1 2 5 10 3 1 4 8 6 8 1 2 4 8 4 10 2 1 4 8 1 1 1 1 1 1 4 12 8 1 4 8 4 9 2 4 8 2 4 9 1 4 8 4 
8 1 2 2 4 8 5 8 2 6 8 2 1 1 1 4 8 5 8 4 8 4 12 8 4 8 2 1 4 10 3 1 4 8 4 8 2 4 10 1 2 1 1 4 8 1 4 8 4 8 2 4 8 1 4 9 4 9 2 1 1 2 4 8 1 6 8 1 2 4 8 1 5 8 2 2 2 4 8 2 4 8 2 2 2 4 8 2 4 8 1 4 8 1 2 2 4 8 2 4 
8 4 9 3 4 8 4 8 1 1 4 9 4 10 6 12 8 2 4 8 6 8 4 8 4 8 5 8 2 1 1 4 8 4 8 2 1 4 13 8 1 4 14 8 4 8 4 8 4 8 1 4 8 4 10 4 8 2 1 2 2 1 4 10 2 3 2 4 9 6 8 4 12 8 1 1 5 8 4 9 2 4 9 1 1 6 8 3 2 2 2 2 4 8 3 1 4 10 1 4 
8 2 2 1 4 10 2 4 8 4 8 6 8 1 1 2 4 13 8 2 1 4 10 2 4 8 4 8 5 8 6 8 4 8 2 3 2 4 8 2 2 2 1 4 8 2 2 4 12 8 2 4 8 2 1 4 8 5 8 1 1 2 2 1 1 1 1 2 2 1 4 8 4 12 8 6 8 4 8 2 7 10 4 8 2 1 4 9 3 1 1 1 2 2 1 4 8 1 4 12 
8 1 3 6 8 1 1 4 8 4 8 1 4 8 2 1 4 8 2 1 4 8 1 3 4 8 4 10 4 8 1 2 6 8 3 1 1 4 8 3 1 1 2 4 8 1 5 8 4 8 1 4 8 1 4 8 4 8 4 12 8 1 1 2 2 2 2 1 1 2 4 10 4 8 2 3 4 12 8 1 1 1 4 8 3 6 8 2 1 2 2 4 9 1 6 8 2 6 8 4 
8 2 1 5 8 4 14 8 4 8 2 4 12 8 7 8 4 14 9 2 4 8 2 1 2 4 8 1 6 8 4 9 1 2 1 4 10 4 8 1 4 8 1 2 4 12 8 4 8 4 8 2 4 8 4 12 8 4 8 2 2 4 8 1 1 1 1 4 8 5 10 5 8 4 9 3 4 8 2 2 4 8 2 2 3 1 4 9 2 1 3 4 12 8 1 2 1 1 2 4 
8 1 2 6 10 2 1 4 8 6 13 8 4 8 1 4 10 5 8 5 8 4 11 4 9 6 8 2 1 2 4 8 2 1 4 8 1 2 4 8 4 12 8 5 8 6 8 2 2 4 10 1 4 12 8 2 2 6 8 1 1 6 8 6 8 2 2 2 4 8 1 2 4 8 2 1 6 8 3 3 4 8 1 1 1 4 10 2 5 8 1 4 8 2 2 1 2 2 3 4 
12 8 1 1 1 3 2 4 8 1 4 8 4 10 4 8 1 4 8 2 4 8 3 4 8 5 8 5 8 5 8 2 1 2 2 4 8 1 4 8 2 2 4 14 8 1 4 9 3 2 1 4 8 6 8 1 1 1 4 8 2 1 2 1 4 9 1 1 2 4 8 1 4 8 1 2 1 2 1 1 4 8 2 4 12 8 1 1 2 4 8 4 8 1 1 4 9 1 1 4 
8 2 4 10 2 1 1 4 8 4 8 4 8 1 2 4 12 8 4 13 8 2 1 2 4 8 4 12 8 4 10 1 2 1 1 2 2 4 10 2 1 1 2 1 6 8 4 8 1 1 2 6 8 1 4 8 2 2 4 8 1 4 9 4 8 2 6 10 1 2 4 8 4 12 8 3 2 1 2 4 8 4 9 4 8 2 4 8 1 4 10 4 12 8 4 8 2 2 4 12 
8 5 8 1 1 4 12 8 4 8 2 2 4 8 1 4 8 4 10 6 8 1 4 9 4 8 2 2 6 10 1 2 1 4 10 1 1 2 1 3 2 2 5 8 1 4 14 8 2 4 11 1 4 8 2 2 1 1 4 12 8 2 2 4 8 1 1 1 2 5 8 4 12 8 2 1 5 8 1 4 12 8 4 12 8 1 4 10 4 10 1 2 4 8 2 2 1 1 2 4 
8 4 8 2 2 4 8 2 4 8 1 1 4 12 8 4 8 2 1 1 4 8 6 8 2 2 3 3 1 1 2 1 6 8 1 4 8 3 2 1 3 1 4 8 4 8 1 2 1 2 1 2 2 4 9 1 2 4 8 4 8 1 1 2 4 12 8 2 3 4 12 8 2 4 9 2 4 10 4 8 2 4 12 12 8 6 8 1 2 1 2 1 2 2 1 1 2 2 1 4 
8 2 2 1 1 4 8 3 4 10 2 4 8 4 10 4 8 1 4 8 2 2 1 4 9 3 1 1 4 10 1 2 1 4 8 4 8 1 5 8 1 4 8 4 8 2 2 3 2 5 8 1 1 4 8 2 5 8 4 8 4 8 2 5 8 2 2 1 1 4 8 4 13 12 8 1 2 1 4 8 1 4 8 4 8 1 6 8 5 8 1 2 3 1 2 2 1 7 8 4 
8 1 3 4 8 4 8 1 2 1 1 4 8 2 1 4 10 2 4 8 1 1 4 12 8 1 4 8 2 1 2 1 4 8 2 4 8 4 12 10 4 12 12 8 2 1 1 5 9 4 8 4 8 4 8 3 4 8 2 2 6 8 1 6 8 1 3 2 4 8 4 10 4 8 6 8 1 4 12 8 4 8 4 8 4 8 5 12 8 4 8 1 1 4 9 5 8 1 2 4 
8 2 1 6 8 4 12 8 1 2 2 6 8 1 4 10 1 1 2 2 4 8 4 8 4 14 8 4 9 2 1 2 2 2 1 4 8 6 8 1 2 4 8 4 9 4 8 2 2 2 2 2 4 12 8 1 6 8 1 1 1 6 8 1 2 2 1 1 4 12 8 1 4 8 1 2 4 8 4 12 8 4 12 8 2 2 4 8 4 8 4 12 8 2 4 10 4 8 1 4 
10 1 4 11 2 2 2 2 4 11 3 1 4 12 8 1 4 10 1 1 4 8 4 8 4 9 2 2 4 9 2 3 1 1 4 8 2 1 4 8 1 4 8 2 4 10 2 3 3 1 1 5 8 2 4 8 1 4 8 4 8 5 8 4 11 1 2 6 10 4 8 4 10 6 8 1 4 10 4 8 4 8 4 8 3 5 8 4 12 10 4 8 4 9 2 1 2 2 4 12 
9 4 10 1 3 1 1 1 2 1 1 2 2 2 4 12 8 1 6 8 2 2 4 8 4 8 1 5 8 2 1 1 2 2 2 2 1 4 12 8 4 8 2 5 8 1 1 1 1 4 12 8 2 1 2 2 4 8 4 8 2 6 8 2 1 4 9 1 1 2 4 8 1 5 8 4 8 1 4 8 4 8 2 2 1 6 10 2 4 13 8 4 8 2 5 8 3 7 8 4 
8 2 1 2 1 4 8 2 1 2 2 1 1 1 4 12 8 2 1 2 1 3 2 4 8 4 12 8 2 1 4 8 1 1 1 5 8 2 2 2 4 10 3 2 4 8 4 8 2 2 4 8 1 2 1 7 8 4 8 2 1 1 2 5 8 4 8 4 8 1 2 4 10 6 8 4 8 2 2 4 8 2 3 1 2 1 1 1 2 4 8 4 8 1 4 8 1 1 6 12 
8 5 8 1 6 8 4 9 2 1 1 6 8 4 12 8 2 1 2 3 4 9 5 8 4 8 4 8 1 4 8 2 4 8 4 8 4 11 1 1 2 1 1 5 8 2 2 4 9 1 2 4 8 5 8 1 4 12 8 3 2 4 9 2 2 2 2 4 8 4 9 2 1 1 2 4 8 1 1 2 2 1 1 4 13 8 4 10 1 4 8 4 12 8 6 8 4 8 1 4 
10 2 2 4 9 4 14 8 5 14 8 1 4 12 8 2 3 2 1 1 4 8 4 8 2 4 8 6 8 4 8 5 8 2 2 2 2 1 4 8 5 8 4 12 8 1 3 2 2 4 9 2 2 4 12 8 2 4 8 3 3 4 8 1 1 1 1 2 2 4 10 1 2 2 5 8 6 8 2 1 3 2 4 8 4 12 8 1 2 2 4 12 8 2 1 4 8 6 8 4 
9 1 5 8 4 8 1 4 10 1 4 10 2 2 2 1 1 1 2 2 4 10 4 8 1 4 8 1 4 8 4 8 2 1 1 3 1 4 10 2 4 8 4 8 4 8 1 1 1 4 8 1 1 4 8 2 1 4 8 1 1 4 8 2 4 12 8 1 1 2 7 8 1 1 2 2 1 2 1 2 1 1 4 8 4 8 2 2 1 1 6 8 4 13 8 4 8 1 4 12 
12 8 2 2 2 2 2 2 1 2 2 1 1 1 5 8 4 8 1 7 8 1 6 8 4 12 8 4 10 4 8 2 1 4 14 9 4 8 1 1 4 8 2 4 8 2 4 8 2 4 10 2 2 4 8 1 4 8 4 8 4 8 2 3 4 8 2 2 2 3 1 4 8 2 1 5 8 1 2 7 8 4 8 4 12 8 1 5 8 2 1 2 6 10 4 8 4 8 2 4 
8 2 1 1 1 1 1 5 8 1 3 4 12 8 4 10 4 8 2 3 2 2 1 4 8 4 8 2 1 2 2 1 2 2 1 2 2 4 8 4 10 2 3 4 10 1 4 8 1 2 1 1 1 4 8 4 8 4 8 4 8 2 3 7 8 4 11 1 1 1 2 4 8 5 8 2 4 8 1 1 2 4 8 2 4 14 8 4 8 1 2 1 1 1 4 8 2 4 9 4 
8 1 2 2 4 14 8 4 14 8 1 2 4 8 2 1 4 8 1 1 1 1 4 12 8 4 12 9 2 1 1 4 9 1 2 1 5 8 4 8 1 3 1 2 1 2 4 8 4 9 4 8 2 2 2 2 6 8 2 4 8 1 1 1 2 2 1 2 4 10 1 4 8 4 8 3 2 2 2 2 5 8 2 1 2 1 2 4 8 2 1 4 8 4 8 2 1 4 8 4 
8 4 9 1 2 1 2 2 1 4 8 1 2 2 5 8 4 8 4 8 2 4 10 4 8 2 2 2 1 2 4 12 8 2 7 8 4 10 4 8 2 1 4 13 8 5 8 4 10 2 4 8 1 1 1 1 1 4 9 2 4 8 2 2 1 1 2 1 2 1 4 10 2 4 8 1 1 1 1 1 4 10 7 8 1 2 1 4 8 1 4 8 6 12 8 1 4 10 2 4 
12 8 6 8 1 4 9 5 8 2 4 8 7 9 4 12 8 4 12 8 5 8 1 6 8 3 1 5 8 1 4 8 4 11 1 4 8 1 2 2 1 4 8 2 4 8 4 8 1 3 2 2 2 4 8 4 8 2 2 1 4 8 1 5 8 4 11 2 3 2 2 1 1 4 8 2 2 4 8 4 8 1 1 4 8 1 4 10 4 12 8 2 1 4 8 6 8 1 1 4 
12 8 1 2 4 8 2 4 8 1 4 10 1 4 14 8 4 8 2 4 12 8 2 1 2 1 4 8 4 10 2 2 2 1 4 8 4 10 1 1 6 8 2 1 4 8 4 8 2 1 3 1 1 2 4 8 2 1 1 4 8 2 4 8 4 8 1 1 1 1 1 4 8 4 8 1 5 8 2 4 8 4 12 8 2 4 8 1 4 8 2 1 4 8 2 3 4 12 8 4 
8 4 8 1 4 8 1 2 2 4 8 1 4 10 1 4 14 8 1 4 14 8 1 2 5 8 2 2 2 1 1 1 1 4 10 4 8 1 4 8 1 2 1 4 8 4 8 2 1 2 1 4 12 9 2 4 11 4 8 4 8 5 8 2 4 12 8 2 2 2 2 2 6 8 2 2 4 8 1 4 10 2 4 8 1 2 2 2 4 10 1 2 2 2 1 1 4 8 2 4 
14 8 4 8 2 2 2 1 1 4 8 2 2 1 4 8 1 4 8 2 1 6 8 1 4 8 1 1 5 8 4 8 4 8 1 2 2 4 8 4 10 5 8 2 2 2 2 5 8 1 2 4 8 2 1 2 1 4 12 8 4 8 2 5 8 4 12 9 1 3 1 1 1 2 1 1 4 10 4 8 1 1 2 2 2 1 1 5 8 1 2 1 1 1 2 2 4 10 1 4 
9 2 4 10 1 1 5 8 4 8 4 9 1 4 8 2 2 4 8 1 4 9 4 12 8 2 4 8 2 4 8 4 10 4 10 1 1 2 4 8 1 2 2 1 1 1 5 8 2 2 1 4 8 1 2 1 4 8 2 4 12 8 1 2 2 2 2 4 8 5 8 2 2 3 4 12 8 1 2 2 2 2 1 1 1 6 10 2 4 8 3 2 4 8 1 1 4 9 4 12 
8 1 2 1 4 12 8 2 2 2 4 8 2 2 2 1 1 2 4 8 2 4 8 2 2 1 4 10 3 2 2 2 1 2 1 2 2 5 8 4 8 5 9 2 2 6 8 4 9 1 4 8 4 8 5 8 4 8 3 4 8 4 8 1 1 3 1 4 14 8 2 1 3 1 6 8 4 10 3 1 1 1 4 8 2 1 1 1 4 8 1 1 4 8 2 2 2 4 8 4 
8 4 9 4 8 2 2 1 1 1 4 8 1 1 1 2 2 5 8 2 1 4 8 1 1 2 2 1 1 1 1 5 8 1 4 9 1 4 8 4 8 4 8 1 1 1 4 8 4 8 2 4 8 4 8 4 8 2 1 4 8 2 4 8 2 1 4 8 1 2 5 8 1 2 1 2 2 1 1 4 8 6 8 2 5 8 2 2 2 4 8 4 8 2 1 1 1 4 8 4 
10 2 2 2 2 3 3 2 2 2 2 2 2 2 2 3 3 2 2 3 2 2 2 2 2 3 3 2 2 2 2 2 2 2 2 2 2 2 2 2 6 10 2 2 2 2 2 2 2 6 11 2 2 6 10 2 2 7 10 2 2 3 2 2 3 2 2 2 2 3 2 2 2 3 2 3 3 2 2 2 2 3 2 3 2 2 3 3 3 2 2 2 2 3 2 2 2 2 2 6 



